           1
  2056731.
   951389.
   407521.
   369848.
   276546.
   465508.
   606301.
   395427.
   433329.
   181152.
   250902.
   273709.
   187070.
   412701.
   197772.
   299139.
   368554.
   118465.
   249734.
   214280.
   209366.
   210973.
   117386.
   218566.
   159445.
   198251.
   166514.
   188110.
   118982.
    94165.
   137240.
    49219.
    68092.
   106100.
    63200.
    28013.
    14120.
    22352.
    16315.
    17251.
    25772.
    26296.
    43638.
    15062.
    45847.
    34017.
    15156.
    76232.
    27714.
    66416.
    65130.
     4157.
    20466.
    20866.
    19087.
    25601.
    10755.
    36786.
    39124.
    43130.
    23767.
    43603.
    24038.
    14506.
    21470.
     7578.
    27310.
    38064.
    31554.
    16318.
     9937.
    12283.
    12163.
    12651.
    22162.
    24848.
    60594.
    16028.
    41293.
    40933.
    17547.
    86269.
    34617.
    63921.
    53979.
     3722.
    16125.
    17933.
    15844.
    21034.
    10970.
    28966.
    42897.
    50181.
    25492.
    46799.
    32989.
    16064.
    20311.
     8119.
    31836.
    44429.
    37583.
    17911.
    12885.
    15404.
    12888.
    16571.
    29194.
    32221.
    57137.
    18007.
    44733.
    49649.
    21906.
    90337.
    37887.
    73184.
    63156.
     4192.
    19755.
    18593.
    15896.
    23601.
    13759.
    41364.
    48115.
    50073.
    28518.
    47132.
    36341.
    15225.
    23840.
     8235.
    28601.
    40227.
    36607.
    16615.
    11487.
    15207.
    15210.
    14510.
    26529.
    25466.
    53138.
    19655.
    42275.
    39667.
    18031.
    89291.
    37979.
    72396.
    52433.
     2661.
    14537.
    17590.
    17133.
    22737.
    11528.
    30103.
    37941.
    46436.
    24766.
    42095.
    26095.
    13516.
    15929.
     6379.
    23811.
    31894.
    29088.
    14593.
     9859.
    13683.
    11468.
    17204.
    32002.
    30726.
    58867.
    23151.
    41607.
    45098.
    18922.
    85633.
    39394.
    72915.
    54495.
     2901.
    15559.
    18325.
    14235.
    19343.
    12554.
    31580.
    36111.
    45970.
    24703.
    44384.
    31105.
    13872.
    19304.
     6309.
    26000.
    41502.
    39210.
    18807.
    13124.
    17965.
    16228.
    19036.
    30170.
    30422.
    60206.
    20965.
    46615.
    52320.
    20011.
    91111.
    44817.
    81855.
    62977.
     2884.
    16027.
    16921.
    15333.
    24675.
    15621.
    34222.
    43210.
    56653.
    28272.
    48787.
    35725.
    17047.
    21989.
     8106.
    30597.
    38042.
    34296.
    17461.
    13702.
    17430.
    17100.
    19327.
    31092.
    33028.
    95206.
    32409.
    52371.
    51969.
    22865.
   107297.
    55647.
    91027.
    71299.
     4607.
    24694.
    31365.
    25395.
    36419.
    23555.
    46143.
    67558.
    70455.
    41469.
    61469.
    53962.
    23514.
    28133.
    12204.
    44936.
    56845.
    58939.
    39425.
    26538.
    33892.
    31973.
    34368.
    68934.
    66099.
   130026.
    41075.
    62550.
    78775.
    30869.
   134080.
    69369.
   110517.
    89249.
    11164.
    41732.
    42049.
    43889.
    60064.
    35251.
    71691.
    82907.
    84560.
    49763.
    73056.
    68862.
    31776.
    47703.
    26071.
    64861.
    86088.
    97764.
    57277.
    35419.
    34606.
    34554.
    36830.
    81327.
    72601.
   146381.
    36990.
    73183.
    92433.
    36820.
   142475.
    76425.
   119054.
    99084.
    14421.
    48742.
    58672.
    61475.
    67240.
    37677.
    77574.
    93522.
    99977.
    60000.
    81915.
    64320.
    32074.
    67047.
    31621.
    68416.
   104483.
   118449.
    59282.
    39353.
    40572.
    40183.
    41312.
    92508.
    72820.
   153860.
    41932.
    82417.
   103193.
    50512.
   172498.
    88062.
   131468.
   107711.
    15354.
    60410.
    57047.
    63064.
    70393.
    41975.
    90914.
   100868.
    94166.
    73160.
   101593.
    70227.
    39144.
    77855.
    46229.
    85847.
   120983.
   130667.
    77923.
    47637.
    52908.
    49094.
    62985.
   127141.
    98223.
   195757.
    44202.
    83007.
    97070.
    58326.
   175286.
    79330.
   143049.
   135198.
    28166.
    76826.
    58388.
    59116.
    76708.
    50394.
   111151.
   113637.
   114006.
    80095.
   106962.
    76792.
    51170.
   100008.
    64135.
    93886.
   144532.
   122933.
    79360.
    43583.
    45148.
    42487.
    54774.
   128225.
   103969.
   201195.
    49152.
    87499.
    89537.
    47632.
   166819.
    82733.
   136807.
   131134.
    24460.
    74897.
    62388.
    72181.
    82590.
    43265.
    93162.
   117272.
   104134.
    66322.
    95032.
    67223.
    31315.
    72371.
    51362.
    90204.
   132275.
   120531.
    74235.
    38239.
    40817.
    36714.
    45114.
   102886.
    93115.
   188934.
    52627.
    84843.
    88775.
    36901.
   141762.
    61705.
    99857.
    91153.
    10036.
    45687.
    43233.
    34847.
    49370.
    31383.
    80598.
    94789.
    81586.
    56659.
    84686.
    67815.
    26812.
    53511.
    43140.
    73539.
   149264.
   121926.
    86028.
    42192.
    40199.
    38962.
    38671.
    94165.
    80063.
   154379.
    36796.
    69063.
    84156.
    36245.
   138512.
    65300.
   102048.
    95026.
    10695.
    52330.
    42287.
    40502.
    57368.
    32373.
    77399.
   106282.
    99751.
    60606.
    90946.
    62480.
    29799.
    52512.
    28346.
    63342.
    92652.
   118280.
    64542.
    35687.
    35113.
    33549.
    32027.
    77039.
    76536.
   153735.
    36353.
    61166.
    84329.
    24694.
   123830.
    65427.
   117553.
   105321.
    11363.
    49438.
    44150.
    41917.
    55128.
    32920.
    71911.
    89397.
    84885.
    56880.
    79404.
    59757.
    26755.
    42090.
    32281.
    73846.
   108338.
   108282.
    60588.
    36436.
    35347.
    33344.
    29328.
    96361.
    71118.
   147428.
    38689.
    64908.
    77096.
    30092.
   124898.
    54492.
    89706.
   100372.
     9497.
    41953.
    38775.
    36321.
    50106.
    32243.
    71772.
    84523.
    85181.
    53472.
    72906.
    55248.
    22587.
    34364.
    20833.
    65100.
   100488.
    89127.
    62457.
    32166.
    31807.
    33304.
    28663.
    65428.
    68430.
   153319.
    34966.
    61018.
    70936.
    24475.
   109009.
    44448.
    75196.
    86331.
     6889.
    32013.
    30200.
    29882.
    42986.
    27680.
    60425.
    86737.
    81276.
    46461.
    63608.
    53185.
    22445.
    30527.
    17960.
    63083.
   101437.
    95583.
    60115.
    34349.
    34982.
    34147.
    30476.
    70268.
    74472.
   126502.
    33656.
    63450.
    73326.
    26537.
   127815.
    57008.
    99562.
    91489.
     9140.
    42401.
    40501.
    34596.
    45182.
    27584.
    61997.
    85218.
    85547.
    40435.
    57827.
    46490.
    21999.
    32317.
    17467.
    54942.
    75999.
    83634.
    57020.
    32174.
    31104.
    33491.
    32003.
    73049.
    63608.
   120567.
    32942.
    58812.
    74415.
    26239.
   121639.
    51347.
    88689.
    92334.
     8190.
    37361.
    36055.
    31484.
    44932.
    25997.
    49752.
    75615.
    76253.
    42796.
    60088.
    49218.
    25644.
    41565.
    20637.
    50198.
    77557.
    90418.
    50059.
    30822.
    29680.
    28064.
    27810.
    61577.
    58201.
   128715.
    34443.
    52295.
    75503.
    24127.
   110739.
    49863.
    86023.
    78763.
     6247.
    28947.
    31684.
    42632.
    49148.
    27739.
    59497.
    72485.
    75082.
    43795.
    67278.
    49533.
    21572.
    31327.
    17188.
    57861.
    84039.
    86568.
    47444.
    28096.
    28647.
    25530.
    25114.
    49949.
    53575.
   122970.
    35803.
    50631.
    78323.
    27712.
   120184.
    54315.
    78050.
    84884.
     6096.
    28069.
    26354.
    23757.
    35664.
    24362.
    46412.
    63488.
    66796.
    36269.
    55261.
    45043.
    19950.
    27507.
    15377.
    47992.
    78396.
    89551.
    48651.
    39158.
    32849.
    32290.
    28893.
    59521.
    60745.
   130493.
    34594.
    47650.
    62632.
    21206.
   101642.
    44700.
    78982.
    92598.
     9581.
    42658.
    36997.
    34396.
    46602.
    24410.
    50701.
    77979.
    72583.
    39593.
    64571.
    48971.
    20920.
    35374.
    18887.
    61969.
    94757.
    82829.
    46183.
    28435.
    28390.
    27484.
    24648.
    48683.
    53897.
   112001.
    32684.
    51898.
    66448.
    24031.
   102802.
    40992.
    76777.
    79495.
     5293.
    33425.
    30311.
    28829.
    36457.
    20052.
    47772.
    58307.
    71280.
    34170.
    52238.
    39827.
    18468.
    23742.
    12821.
    40030.
    81340.
    93318.
    50129.
    28031.
    27768.
    27290.
    24232.
    51333.
    51141.
   113373.
    42650.
    59844.
    67669.
    22803.
   110025.
    46579.
    75305.
    87594.
     6959.
    32195.
    29813.
    30174.
    41733.
    21101.
    49556.
    66297.
    70205.
    37812.
    51885.
    37950.
    18738.
    25675.
    16904.
    56788.
    76961.
   105175.
    52441.
    29821.
    30254.
    28958.
    24101.
    51216.
    49361.
   111665.
    30217.
    48797.
    70121.
    24856.
    95734.
    49382.
    79420.
    79126.
     5555.
    27565.
    26472.
    23539.
    35523.
    20392.
    46676.
    59000.
    73793.
    41492.
    62341.
    50477.
    19918.
    25778.
    12341.
    42900.
    65942.
    83555.
    49069.
    28357.
    28271.
    28090.
    23740.
    50976.
    56450.
   109767.
    33812.
    49221.
    70414.
    24857.
   110172.
    40167.
    74578.
    89555.
     5691.
    27931.
    28771.
    24450.
    33712.
    22574.
    39233.
    51346.
    57195.
    28785.
    47826.
    40129.
    17243.
    20600.
     9099.
    28064.
    40381.
    39494.
    25282.
    17354.
    20335.
    18264.
    17055.
    31645.
    36813.
   106668.
    33560.
    54071.
    51627.
    21146.
    87097.
    38386.
    68911.
    84481.
     6800.
    28719.
    27632.
    26419.
    39385.
    22726.
    45785.
    71675.
    71463.
    36391.
    52307.
    46848.
    19200.
    23494.
    12112.
    51550.
    98476.
    81270.
    46792.
    25390.
    28331.
    27315.
    23413.
    47105.
    49177.
   110021.
    31552.
    53532.
    68772.
    23230.
   104806.
    49194.
    81617.
    83137.
     6646.
    30895.
    31711.
    28422.
    41493.
    25785.
    72744.
    74306.
    77153.
    45499.
    64652.
    48707.
    20988.
    32735.
    22589.
    59265.
    86442.
    83527.
    48662.
    27905.
    28640.
    29276.
    23430.
    47706.
    48942.
   109222.
    32400.
    55285.
    68774.
    24854.
   105276.
    58731.
