  0.0000000e+000
  4.6000000e+000
  1.5500000e+001
  2.8000000e+001
  3.8000000e+001
  4.6000000e+001
  5.1000000e+001
  5.4200000e+001
  5.7000000e+001
  5.8900000e+001
  6.0000000e+001
  6.0000000e+001
  5.8800000e+001
  5.6300000e+001
  5.3100000e+001
  4.9800000e+001
  4.5700000e+001
  4.0500000e+001
  3.4500000e+001
  2.7500000e+001
  1.9500000e+001
  1.3000000e+001
  9.2000000e+000
  6.0000000e+000
  4.6000000e+000
  3.2000000e+000
  2.2000000e+000
  1.8000000e+000
  1.2000000e+000
  7.0000000e-001
  0.0000000e+000
  0.0000000e+000
  0.0000000e+000
  0.0000000e+000
  0.0000000e+000
  0.0000000e+000
  0.0000000e+000
  0.0000000e+000
  0.0000000e+000
  0.0000000e+000
  0.0000000e+000
